[gd_scene load_steps=105 format=2]

[ext_resource path="res://models/player_model/player/player_Cube004.mesh" type="ArrayMesh" id=1]
[ext_resource path="res://models/player_model/player/Sneaking.anim" type="Animation" id=2]
[ext_resource path="res://models/player_model/player/Walking.anim" type="Animation" id=3]
[ext_resource path="res://models/player_model/player/Base.anim" type="Animation" id=4]
[ext_resource path="res://models/player_model/player/Idle.anim" type="Animation" id=5]
[ext_resource path="res://scripts/player/player_control.gd" type="Script" id=6]
[ext_resource path="res://models/player_model/player/Sneaking_Back.anim" type="Animation" id=7]
[ext_resource path="res://models/player_model/player/Walking_Back.anim" type="Animation" id=8]
[ext_resource path="res://models/player_model/player/Jump_Hop.anim" type="Animation" id=9]
[ext_resource path="res://models/player_model/player/Mid_Air.anim" type="Animation" id=10]
[ext_resource path="res://models/player_model/player/Landing.anim" type="Animation" id=11]
[ext_resource path="res://scripts/player/weapon_manager.gd" type="Script" id=12]
[ext_resource path="res://models/player_model/player/additional_animations/reloads/Pistol_Pull_Slide.anim" type="Animation" id=13]
[ext_resource path="res://models/player_model/player/additional_animations/reloads/Pistol_Swap_Mag.anim" type="Animation" id=14]
[ext_resource path="res://models/player_model/player/additional_animations/reloads/Pistol_Base.anim" type="Animation" id=15]
[ext_resource path="res://models/player_model/player/additional_animations/reloads/Pistol_Draw.anim" type="Animation" id=16]
[ext_resource path="res://models/player_model/player/additional_animations/reloads/Pistol_Hold.anim" type="Animation" id=17]
[ext_resource path="res://models/player_model/player/additional_animations/reloads/Pistol_Fire.anim" type="Animation" id=18]

[sub_resource type="Skin" id=1]
resource_name = "Skin"
bind_count = 33
bind/0/name = "hips"
bind/0/bone = -1
bind/0/pose = Transform( 1, -3.23592e-08, -2.36212e-07, 1.42109e-14, 0.990747, -0.135724, 2.38419e-07, 0.135724, 0.990747, 3.30633e-08, -1.37071, -0.138678 )
bind/1/name = "spine"
bind/1/bone = -1
bind/1/pose = Transform( 1, -1.76819e-09, -2.38412e-07, 1.53211e-14, 0.999973, -0.00741628, 2.38419e-07, 0.00741634, 0.999973, -1.61317e-08, -1.60298, 0.0676612 )
bind/2/name = "chest"
bind/2/bone = -1
bind/2/pose = Transform( 1, 5.0855e-08, -2.32932e-07, 7.10543e-15, 0.976986, 0.213301, 2.38419e-07, -0.213301, 0.976986, -1.1828e-07, -1.88729, 0.496101 )
bind/3/name = "neck"
bind/3/bone = -1
bind/3/pose = Transform( 1, -3.54065e-08, -2.35775e-07, 2.4869e-14, 0.988912, -0.148505, 2.38419e-07, 0.148506, 0.988912, 8.26343e-08, -2.30317, -0.346593 )
bind/4/name = "head"
bind/4/bone = -1
bind/4/pose = Transform( 1, -4.43492e-09, -2.38377e-07, 1.33227e-14, 0.999827, -0.0186014, 2.38419e-07, 0.0186014, 0.999827, 6.556e-09, -2.45478, -0.0274979 )
bind/5/name = "shoulder_l"
bind/5/bone = -1
bind/5/pose = Transform( -0.0958382, 0.927306, 0.361826, -0.994702, -0.102804, 2.98023e-08, 0.0371971, -0.359909, 0.932246, -2.12882, 0.142772, 0.825475 )
bind/6/name = "upper_arm_l"
bind/6/bone = -1
bind/6/pose = Transform( -0.781995, 0.512064, 0.355351, -0.560768, -0.826881, -0.0424976, 0.272071, -0.232502, 0.933767, -1.35535, 1.7388, 0.594154 )
bind/7/name = "lower_arm_l"
bind/7/bone = -1
bind/7/pose = Transform( -0.798682, 0.459245, 0.388847, -0.581644, -0.754824, -0.303203, 0.154267, -0.468333, 0.869981, -1.26355, 1.12304, 0.978011 )
bind/8/name = "hand_l"
bind/8/bone = -1
bind/8/pose = Transform( -0.788972, 0.488914, 0.372137, -0.60877, -0.704032, -0.365702, 0.0831993, -0.515074, 0.853098, -1.30563, 0.609993, 0.996823 )
bind/9/name = "big_l"
bind/9/bone = -1
bind/9/pose = Transform( -0.960548, 0.184068, 0.208488, -0.270973, -0.788199, -0.552553, 0.0626232, -0.587248, 0.806981, -0.914657, 0.898695, 1.12301 )
bind/10/name = "hand_l_1"
bind/10/bone = -1
bind/10/pose = Transform( -0.858917, 0.398705, 0.321397, -0.487594, -0.828559, -0.275213, 0.156567, -0.393097, 0.906069, -1.24472, 0.731081, 0.893138 )
bind/11/name = "shoulder_r"
bind/11/bone = -1
bind/11/pose = Transform( -0.0958382, -0.927306, -0.361826, 0.994702, -0.102804, 1.11759e-08, -0.0371971, -0.359909, 0.932246, 2.12882, 0.142772, 0.825475 )
bind/12/name = "upper_arm_r"
bind/12/bone = -1
bind/12/pose = Transform( -0.781995, -0.512064, -0.35535, 0.560768, -0.826881, -0.0424977, -0.272071, -0.232502, 0.933766, 1.35535, 1.7388, 0.594154 )
bind/13/name = "lower_arm_r"
bind/13/bone = -1
bind/13/pose = Transform( -0.798682, -0.459245, -0.388847, 0.581644, -0.754824, -0.303202, -0.154267, -0.468332, 0.869981, 1.26355, 1.12304, 0.978011 )
bind/14/name = "hand_r"
bind/14/bone = -1
bind/14/pose = Transform( -0.788972, -0.488914, -0.372137, 0.60877, -0.704032, -0.365702, -0.0831993, -0.515074, 0.853098, 1.30563, 0.609994, 0.996823 )
bind/15/name = "big_r"
bind/15/bone = -1
bind/15/pose = Transform( -0.960548, -0.184068, -0.208488, 0.270973, -0.7882, -0.552553, -0.0626232, -0.587248, 0.806981, 0.914657, 0.898695, 1.12301 )
bind/16/name = "hand_r_1"
bind/16/bone = -1
bind/16/pose = Transform( -0.858917, -0.398705, -0.321397, 0.487594, -0.828559, -0.275213, -0.156567, -0.393097, 0.906069, 1.24472, 0.731082, 0.893138 )
bind/17/name = "upper_leg_l"
bind/17/bone = -1
bind/17/pose = Transform( -0.970861, 0.0525871, -0.233798, -0.0571084, -0.998288, 0.0126065, -0.232733, 0.0255912, 0.972202, -0.207587, 1.3163, -0.0545701 )
bind/18/name = "lower_leg_l"
bind/18/bone = -1
bind/18/pose = Transform( -0.971637, 0.0537265, -0.230293, -0.0630909, -0.997446, 0.033489, -0.227904, 0.0470688, 0.972543, -0.208573, 0.751071, -0.0701429 )
bind/19/name = "foot_l"
bind/19/bone = -1
bind/19/pose = Transform( -0.973618, 0.222491, -0.0506429, -2.25007e-06, -0.221942, -0.975059, -0.228181, -0.949336, 0.216086, -0.224138, 0.0334394, 0.0136075 )
bind/20/name = "toes_l"
bind/20/bone = -1
bind/20/pose = Transform( -0.973618, 0.225888, -0.0322696, -2.27242e-06, -0.141421, -0.989948, -0.228181, -0.963833, 0.13769, -0.220734, -0.184364, -0.000917117 )
bind/21/name = "upper_leg_r"
bind/21/bone = -1
bind/21/pose = Transform( -0.970862, -0.0525871, 0.233798, 0.0571084, -0.998288, 0.0126065, 0.232733, 0.0255912, 0.972202, 0.207587, 1.3163, -0.0545701 )
bind/22/name = "lower_leg_r"
bind/22/bone = -1
bind/22/pose = Transform( -0.971637, -0.0537265, 0.230293, 0.0630909, -0.997446, 0.033489, 0.227904, 0.0470688, 0.972544, 0.208573, 0.751071, -0.0701429 )
bind/23/name = "foot_r"
bind/23/bone = -1
bind/23/pose = Transform( -0.973618, -0.222491, 0.0506429, 2.04145e-06, -0.221942, -0.975059, 0.228181, -0.949336, 0.216086, 0.224138, 0.0334395, 0.0136076 )
bind/24/name = "toes_r"
bind/24/bone = -1
bind/24/pose = Transform( -0.973618, -0.225888, 0.0322697, 2.06008e-06, -0.141421, -0.989948, 0.228181, -0.963833, 0.13769, 0.220734, -0.184364, -0.000917003 )
bind/25/name = "elbow_l"
bind/25/bone = -1
bind/25/pose = Transform( -0.508393, 0.861125, 0, 0, 0, 1, 0.861125, 0.508393, 0, -1.91178, -0.0574403, -0.504235 )
bind/26/name = "hand_ik_l"
bind/26/bone = -1
bind/26/pose = Transform( -0.593247, 0.805021, 0, 0, 0, 1, 0.805021, 0.593247, 0, -1.71293, 0.0580006, -0.340985 )
bind/27/name = "knee_l"
bind/27/bone = -1
bind/27/pose = Transform( -0.951419, 0.307899, 0, 0, 0, -1, -0.307899, -0.951419, 0, -0.408605, -0.137492, 0.670421 )
bind/28/name = "foot_ik_l"
bind/28/bone = -1
bind/28/pose = Transform( -0.98259, -0.185788, 0, 0, 0, 1, -0.185788, 0.98259, 0, -0.198331, -0.1064, -0.108953 )
bind/29/name = "elbow_r"
bind/29/bone = -1
bind/29/pose = Transform( -0.508393, -0.861125, 0, 0, 0, 1, -0.861125, 0.508393, 0, 1.91178, -0.0574403, -0.504235 )
bind/30/name = "hand_ik_r"
bind/30/bone = -1
bind/30/pose = Transform( -0.593247, -0.805021, 0, 0, 0, 1, -0.805021, 0.593247, 0, 1.71293, 0.0580006, -0.340985 )
bind/31/name = "knee_r"
bind/31/bone = -1
bind/31/pose = Transform( -0.951419, -0.307899, 0, 0, 0, -1, 0.307899, -0.951419, 0, 0.408605, -0.137492, 0.670421 )
bind/32/name = "foot_ik_r"
bind/32/bone = -1
bind/32/pose = Transform( -0.98259, 0.185788, 0, 0, 0, 1, 0.185788, 0.98259, 0, 0.198331, -0.1064, -0.108953 )

[sub_resource type="CapsuleShape" id=2]
height = 0.68

[sub_resource type="AnimationNodeBlend2" id=109]
filter_enabled = true
filters = [ "PlayerSkeleton/Skeleton:big_l", "PlayerSkeleton/Skeleton:big_r", "PlayerSkeleton/Skeleton:elbow_l", "PlayerSkeleton/Skeleton:elbow_r", "PlayerSkeleton/Skeleton:hand_ik_l", "PlayerSkeleton/Skeleton:hand_ik_r", "PlayerSkeleton/Skeleton:hand_l", "PlayerSkeleton/Skeleton:hand_l_1", "PlayerSkeleton/Skeleton:hand_r", "PlayerSkeleton/Skeleton:hand_r_1", "PlayerSkeleton/Skeleton:lower_arm_l", "PlayerSkeleton/Skeleton:lower_arm_r", "PlayerSkeleton/Skeleton:upper_arm_l", "PlayerSkeleton/Skeleton:upper_arm_r" ]

[sub_resource type="AnimationNodeAnimation" id=87]
animation = "Jump_Hop"

[sub_resource type="AnimationNodeTimeSeek" id=126]

[sub_resource type="AnimationNodeTimeScale" id=110]

[sub_resource type="AnimationNodeTimeScale" id=88]

[sub_resource type="AnimationNodeAnimation" id=111]
animation = "Pistol_Hold"

[sub_resource type="AnimationNodeBlendTree" id=86]
graph_offset = Vector2( -25.3333, 150.667 )
nodes/Blend2/node = SubResource( 109 )
nodes/Blend2/position = Vector2( 453.333, 106.667 )
nodes/Jump_Hop/node = SubResource( 87 )
nodes/Jump_Hop/position = Vector2( 53.3333, 80 )
nodes/Seek/node = SubResource( 126 )
nodes/Seek/position = Vector2( 186.667, 240 )
nodes/TimeScale/node = SubResource( 88 )
nodes/TimeScale/position = Vector2( 640, 106.667 )
"nodes/TimeScale 2/node" = SubResource( 110 )
"nodes/TimeScale 2/position" = Vector2( 346.667, 293.333 )
nodes/Weapon/node = SubResource( 111 )
nodes/Weapon/position = Vector2( -80, 240 )
nodes/output/position = Vector2( 826.667, 106.667 )
node_connections = [ "output", 0, "TimeScale", "Blend2", 0, "Jump_Hop", "Blend2", 1, "Seek", "TimeScale", 0, "Blend2", "Seek", 0, "Weapon" ]

[sub_resource type="AnimationNodeBlend2" id=107]
filter_enabled = true
filters = [ "PlayerSkeleton/Skeleton:big_l", "PlayerSkeleton/Skeleton:big_r", "PlayerSkeleton/Skeleton:elbow_l", "PlayerSkeleton/Skeleton:elbow_r", "PlayerSkeleton/Skeleton:hand_ik_l", "PlayerSkeleton/Skeleton:hand_ik_r", "PlayerSkeleton/Skeleton:hand_l", "PlayerSkeleton/Skeleton:hand_l_1", "PlayerSkeleton/Skeleton:hand_r", "PlayerSkeleton/Skeleton:hand_r_1", "PlayerSkeleton/Skeleton:lower_arm_l", "PlayerSkeleton/Skeleton:lower_arm_r", "PlayerSkeleton/Skeleton:upper_arm_l", "PlayerSkeleton/Skeleton:upper_arm_r" ]

[sub_resource type="AnimationNodeAnimation" id=31]
animation = "Idle"

[sub_resource type="AnimationNodeTimeSeek" id=125]

[sub_resource type="AnimationNodeTimeScale" id=32]

[sub_resource type="AnimationNodeAnimation" id=108]
animation = "Pistol_Hold"

[sub_resource type="AnimationNodeBlendTree" id=33]
graph_offset = Vector2( -270.667, 55.3334 )
nodes/Blend2/node = SubResource( 107 )
nodes/Blend2/position = Vector2( 213.333, 53.3333 )
nodes/Idle/node = SubResource( 31 )
nodes/Idle/position = Vector2( 26.6667, 26.6667 )
nodes/Seek/node = SubResource( 125 )
nodes/Seek/position = Vector2( 53.3333, 160 )
nodes/TimeScale/node = SubResource( 32 )
nodes/TimeScale/position = Vector2( 426.667, 53.3333 )
nodes/Weapon/node = SubResource( 108 )
nodes/Weapon/position = Vector2( -160, 160 )
nodes/output/position = Vector2( 773.333, 80 )
node_connections = [ "output", 0, "TimeScale", "Blend2", 0, "Idle", "Blend2", 1, "Seek", "TimeScale", 0, "Blend2", "Seek", 0, "Weapon" ]

[sub_resource type="AnimationNodeBlend2" id=112]
filter_enabled = true
filters = [ "PlayerSkeleton/Skeleton:big_l", "PlayerSkeleton/Skeleton:big_r", "PlayerSkeleton/Skeleton:elbow_l", "PlayerSkeleton/Skeleton:elbow_r", "PlayerSkeleton/Skeleton:hand_ik_l", "PlayerSkeleton/Skeleton:hand_ik_r", "PlayerSkeleton/Skeleton:hand_l", "PlayerSkeleton/Skeleton:hand_l_1", "PlayerSkeleton/Skeleton:hand_r", "PlayerSkeleton/Skeleton:hand_r_1", "PlayerSkeleton/Skeleton:lower_arm_l", "PlayerSkeleton/Skeleton:lower_arm_r", "PlayerSkeleton/Skeleton:upper_arm_l", "PlayerSkeleton/Skeleton:upper_arm_r" ]

[sub_resource type="AnimationNodeAnimation" id=92]
animation = "Landing"

[sub_resource type="AnimationNodeTimeSeek" id=127]

[sub_resource type="AnimationNodeTimeScale" id=113]

[sub_resource type="AnimationNodeTimeScale" id=93]

[sub_resource type="AnimationNodeAnimation" id=114]
animation = "Pistol_Hold"

[sub_resource type="AnimationNodeBlendTree" id=94]
graph_offset = Vector2( -226.666, 124 )
nodes/Blend2/node = SubResource( 112 )
nodes/Blend2/position = Vector2( 373.333, 80 )
nodes/Landing/node = SubResource( 92 )
nodes/Landing/position = Vector2( 53.3333, 53.3333 )
nodes/Seek/node = SubResource( 127 )
nodes/Seek/position = Vector2( 240, 186.667 )
nodes/TimeScale/node = SubResource( 93 )
nodes/TimeScale/position = Vector2( 586.667, 106.667 )
"nodes/TimeScale 2/node" = SubResource( 113 )
"nodes/TimeScale 2/position" = Vector2( 480, 293.333 )
nodes/Weapon/node = SubResource( 114 )
nodes/Weapon/position = Vector2( -133.333, 213.333 )
nodes/output/position = Vector2( 746.667, 80 )
node_connections = [ "output", 0, "TimeScale", "Blend2", 0, "Landing", "Blend2", 1, "Seek", "TimeScale", 0, "Blend2", "Seek", 0, "Weapon" ]

[sub_resource type="AnimationNodeBlend2" id=115]
filter_enabled = true
filters = [ "PlayerSkeleton/Skeleton:big_l", "PlayerSkeleton/Skeleton:big_r", "PlayerSkeleton/Skeleton:elbow_l", "PlayerSkeleton/Skeleton:elbow_r", "PlayerSkeleton/Skeleton:hand_ik_l", "PlayerSkeleton/Skeleton:hand_ik_r", "PlayerSkeleton/Skeleton:hand_l", "PlayerSkeleton/Skeleton:hand_l_1", "PlayerSkeleton/Skeleton:hand_r", "PlayerSkeleton/Skeleton:hand_r_1", "PlayerSkeleton/Skeleton:lower_arm_l", "PlayerSkeleton/Skeleton:lower_arm_r", "PlayerSkeleton/Skeleton:upper_arm_l", "PlayerSkeleton/Skeleton:upper_arm_r" ]

[sub_resource type="AnimationNodeAnimation" id=89]
animation = "Mid_Air"

[sub_resource type="AnimationNodeTimeSeek" id=128]

[sub_resource type="AnimationNodeTimeScale" id=90]

[sub_resource type="AnimationNodeAnimation" id=116]
animation = "Pistol_Hold"

[sub_resource type="AnimationNodeBlendTree" id=91]
graph_offset = Vector2( -242.475, 57.3333 )
nodes/Blend2/node = SubResource( 115 )
nodes/Blend2/position = Vector2( 293.333, 53.3333 )
nodes/Mid_Air/node = SubResource( 89 )
nodes/Mid_Air/position = Vector2( 53.3333, 53.3333 )
nodes/Seek/node = SubResource( 128 )
nodes/Seek/position = Vector2( 160, 160 )
nodes/TimeScale/node = SubResource( 90 )
nodes/TimeScale/position = Vector2( 480, 53.3333 )
nodes/Weapon/node = SubResource( 116 )
nodes/Weapon/position = Vector2( -26.6667, 213.333 )
nodes/output/position = Vector2( 666.667, 80 )
node_connections = [ "output", 0, "TimeScale", "Blend2", 0, "Mid_Air", "Blend2", 1, "Seek", "TimeScale", 0, "Blend2", "Seek", 0, "Weapon" ]

[sub_resource type="AnimationNodeBlend2" id=117]
filter_enabled = true
filters = [ "PlayerSkeleton/Skeleton:big_l", "PlayerSkeleton/Skeleton:big_r", "PlayerSkeleton/Skeleton:elbow_l", "PlayerSkeleton/Skeleton:elbow_r", "PlayerSkeleton/Skeleton:hand_ik_l", "PlayerSkeleton/Skeleton:hand_ik_r", "PlayerSkeleton/Skeleton:hand_l", "PlayerSkeleton/Skeleton:hand_l_1", "PlayerSkeleton/Skeleton:hand_r", "PlayerSkeleton/Skeleton:hand_r_1", "PlayerSkeleton/Skeleton:lower_arm_l", "PlayerSkeleton/Skeleton:lower_arm_r", "PlayerSkeleton/Skeleton:upper_arm_l", "PlayerSkeleton/Skeleton:upper_arm_r" ]

[sub_resource type="AnimationNodeTimeSeek" id=129]

[sub_resource type="AnimationNodeAnimation" id=54]
animation = "Sneaking"

[sub_resource type="AnimationNodeTimeScale" id=55]

[sub_resource type="AnimationNodeAnimation" id=118]
animation = "Pistol_Hold"

[sub_resource type="AnimationNodeBlendTree" id=44]
graph_offset = Vector2( -174.667, 73.333 )
nodes/Blend2/node = SubResource( 117 )
nodes/Blend2/position = Vector2( 320, 133.333 )
nodes/Seek/node = SubResource( 129 )
nodes/Seek/position = Vector2( 186.667, 213.333 )
nodes/Sneaking/node = SubResource( 54 )
nodes/Sneaking/position = Vector2( 80, 80 )
nodes/TimeScale/node = SubResource( 55 )
nodes/TimeScale/position = Vector2( 586.667, 53.3333 )
nodes/Weapon/node = SubResource( 118 )
nodes/Weapon/position = Vector2( 0, 240 )
nodes/output/position = Vector2( 773.333, 80 )
node_connections = [ "output", 0, "TimeScale", "Blend2", 0, "Sneaking", "Blend2", 1, "Seek", "TimeScale", 0, "Blend2", "Seek", 0, "Weapon" ]

[sub_resource type="AnimationNodeBlend2" id=119]
filter_enabled = true
filters = [ "PlayerSkeleton/Skeleton:big_l", "PlayerSkeleton/Skeleton:big_r", "PlayerSkeleton/Skeleton:elbow_l", "PlayerSkeleton/Skeleton:elbow_r", "PlayerSkeleton/Skeleton:hand_ik_l", "PlayerSkeleton/Skeleton:hand_ik_r", "PlayerSkeleton/Skeleton:hand_l", "PlayerSkeleton/Skeleton:hand_l_1", "PlayerSkeleton/Skeleton:hand_r", "PlayerSkeleton/Skeleton:hand_r_1", "PlayerSkeleton/Skeleton:lower_arm_l", "PlayerSkeleton/Skeleton:lower_arm_r", "PlayerSkeleton/Skeleton:upper_arm_l", "PlayerSkeleton/Skeleton:upper_arm_r" ]

[sub_resource type="AnimationNodeTimeSeek" id=130]

[sub_resource type="AnimationNodeAnimation" id=75]
animation = "Sneaking_Back"

[sub_resource type="AnimationNodeTimeScale" id=76]

[sub_resource type="AnimationNodeAnimation" id=120]
animation = "Pistol_Hold"

[sub_resource type="AnimationNodeBlendTree" id=77]
graph_offset = Vector2( -174.667, 64 )
nodes/Blend2/node = SubResource( 119 )
nodes/Blend2/position = Vector2( 346.667, 106.667 )
nodes/Seek/node = SubResource( 130 )
nodes/Seek/position = Vector2( 160, 213.333 )
nodes/Sneaking_Back/node = SubResource( 75 )
nodes/Sneaking_Back/position = Vector2( 80, 80 )
nodes/TimeScale/node = SubResource( 76 )
nodes/TimeScale/position = Vector2( 560, 80 )
nodes/Weapon/node = SubResource( 120 )
nodes/Weapon/position = Vector2( -26.6667, 240 )
nodes/output/position = Vector2( 720, 106.667 )
node_connections = [ "output", 0, "TimeScale", "Blend2", 0, "Sneaking_Back", "Blend2", 1, "Seek", "TimeScale", 0, "Blend2", "Seek", 0, "Weapon" ]

[sub_resource type="AnimationNodeBlend2" id=121]
filter_enabled = true
filters = [ "PlayerSkeleton/Skeleton:big_l", "PlayerSkeleton/Skeleton:big_r", "PlayerSkeleton/Skeleton:elbow_l", "PlayerSkeleton/Skeleton:elbow_r", "PlayerSkeleton/Skeleton:hand_ik_l", "PlayerSkeleton/Skeleton:hand_ik_r", "PlayerSkeleton/Skeleton:hand_l", "PlayerSkeleton/Skeleton:hand_l_1", "PlayerSkeleton/Skeleton:hand_r", "PlayerSkeleton/Skeleton:hand_r_1", "PlayerSkeleton/Skeleton:lower_arm_l", "PlayerSkeleton/Skeleton:lower_arm_r", "PlayerSkeleton/Skeleton:upper_arm_l", "PlayerSkeleton/Skeleton:upper_arm_r" ]

[sub_resource type="AnimationNodeTimeSeek" id=131]

[sub_resource type="AnimationNodeTimeScale" id=45]

[sub_resource type="AnimationNodeAnimation" id=42]
animation = "Walking"

[sub_resource type="AnimationNodeAnimation" id=122]
animation = "Pistol_Hold"

[sub_resource type="AnimationNodeBlendTree" id=43]
graph_offset = Vector2( -304.267, 78.6666 )
nodes/Blend2/node = SubResource( 121 )
nodes/Blend2/position = Vector2( 160, 106.667 )
nodes/Seek/node = SubResource( 131 )
nodes/Seek/position = Vector2( 0, 213.333 )
nodes/TimeScale/node = SubResource( 45 )
nodes/TimeScale/position = Vector2( 346.667, 106.667 )
nodes/Walking/node = SubResource( 42 )
nodes/Walking/position = Vector2( -26.6667, 106.667 )
nodes/Weapon/node = SubResource( 122 )
nodes/Weapon/position = Vector2( -186.667, 213.333 )
nodes/output/position = Vector2( 533.333, 133.333 )
node_connections = [ "output", 0, "TimeScale", "Blend2", 0, "Walking", "Blend2", 1, "Seek", "TimeScale", 0, "Blend2", "Seek", 0, "Weapon" ]

[sub_resource type="AnimationNodeBlend2" id=123]
filter_enabled = true
filters = [ "PlayerSkeleton/Skeleton:big_l", "PlayerSkeleton/Skeleton:big_r", "PlayerSkeleton/Skeleton:elbow_l", "PlayerSkeleton/Skeleton:elbow_r", "PlayerSkeleton/Skeleton:hand_ik_l", "PlayerSkeleton/Skeleton:hand_ik_r", "PlayerSkeleton/Skeleton:hand_l", "PlayerSkeleton/Skeleton:hand_l_1", "PlayerSkeleton/Skeleton:hand_r", "PlayerSkeleton/Skeleton:hand_r_1", "PlayerSkeleton/Skeleton:lower_arm_l", "PlayerSkeleton/Skeleton:lower_arm_r", "PlayerSkeleton/Skeleton:upper_arm_l", "PlayerSkeleton/Skeleton:upper_arm_r" ]

[sub_resource type="AnimationNodeTimeSeek" id=132]

[sub_resource type="AnimationNodeTimeScale" id=64]

[sub_resource type="AnimationNodeAnimation" id=65]
animation = "Walking_Back"

[sub_resource type="AnimationNodeAnimation" id=124]
animation = "Pistol_Hold"

[sub_resource type="AnimationNodeBlendTree" id=66]
graph_offset = Vector2( -399.732, 138.494 )
nodes/Blend2/node = SubResource( 123 )
nodes/Blend2/position = Vector2( 133.333, 186.667 )
nodes/Seek/node = SubResource( 132 )
nodes/Seek/position = Vector2( -26.6667, 240 )
nodes/TimeScale/node = SubResource( 64 )
nodes/TimeScale/position = Vector2( 400, 133.333 )
nodes/Walking_Back/node = SubResource( 65 )
nodes/Walking_Back/position = Vector2( -133.333, 133.333 )
nodes/Weapon/node = SubResource( 124 )
nodes/Weapon/position = Vector2( -240, 293.333 )
nodes/output/position = Vector2( 613.333, 160 )
node_connections = [ "output", 0, "TimeScale", "Blend2", 0, "Walking_Back", "Blend2", 1, "Seek", "TimeScale", 0, "Blend2", "Seek", 0, "Weapon" ]

[sub_resource type="AnimationNodeStateMachineTransition" id=46]
xfade_time = 0.3

[sub_resource type="AnimationNodeStateMachineTransition" id=47]
xfade_time = 0.1

[sub_resource type="AnimationNodeStateMachineTransition" id=56]
xfade_time = 0.1

[sub_resource type="AnimationNodeStateMachineTransition" id=57]
xfade_time = 0.3

[sub_resource type="AnimationNodeStateMachineTransition" id=60]
xfade_time = 0.3

[sub_resource type="AnimationNodeStateMachineTransition" id=61]
xfade_time = 0.3

[sub_resource type="AnimationNodeStateMachineTransition" id=67]
xfade_time = 0.3

[sub_resource type="AnimationNodeStateMachineTransition" id=68]
xfade_time = 0.1

[sub_resource type="AnimationNodeStateMachineTransition" id=69]
xfade_time = 0.3

[sub_resource type="AnimationNodeStateMachineTransition" id=70]
xfade_time = 0.3

[sub_resource type="AnimationNodeStateMachineTransition" id=73]
xfade_time = 0.3

[sub_resource type="AnimationNodeStateMachineTransition" id=74]
xfade_time = 0.3

[sub_resource type="AnimationNodeStateMachineTransition" id=78]
xfade_time = 0.3

[sub_resource type="AnimationNodeStateMachineTransition" id=79]
xfade_time = 0.1

[sub_resource type="AnimationNodeStateMachineTransition" id=80]
xfade_time = 0.3

[sub_resource type="AnimationNodeStateMachineTransition" id=81]
xfade_time = 0.3

[sub_resource type="AnimationNodeStateMachineTransition" id=82]
xfade_time = 0.2

[sub_resource type="AnimationNodeStateMachineTransition" id=83]
xfade_time = 0.2

[sub_resource type="AnimationNodeStateMachineTransition" id=84]
xfade_time = 0.3

[sub_resource type="AnimationNodeStateMachineTransition" id=85]
xfade_time = 0.3

[sub_resource type="AnimationNodeStateMachineTransition" id=95]
xfade_time = 0.3

[sub_resource type="AnimationNodeStateMachineTransition" id=96]
xfade_time = 0.3

[sub_resource type="AnimationNodeStateMachineTransition" id=97]
xfade_time = 0.3

[sub_resource type="AnimationNodeStateMachineTransition" id=98]
xfade_time = 0.3

[sub_resource type="AnimationNodeStateMachineTransition" id=99]
xfade_time = 0.3

[sub_resource type="AnimationNodeStateMachineTransition" id=100]

[sub_resource type="AnimationNodeStateMachineTransition" id=101]

[sub_resource type="AnimationNodeStateMachineTransition" id=102]
xfade_time = 0.3

[sub_resource type="AnimationNodeStateMachineTransition" id=103]
xfade_time = 0.3

[sub_resource type="AnimationNodeStateMachineTransition" id=104]
xfade_time = 0.3

[sub_resource type="AnimationNodeStateMachineTransition" id=105]
xfade_time = 0.3

[sub_resource type="AnimationNodeStateMachineTransition" id=106]
xfade_time = 0.3

[sub_resource type="AnimationNodeStateMachine" id=12]
states/Hop/node = SubResource( 86 )
states/Hop/position = Vector2( 867.353, 18.2286 )
states/Idle/node = SubResource( 33 )
states/Idle/position = Vector2( 268, -3.6866 )
states/Landing/node = SubResource( 94 )
states/Landing/position = Vector2( 882.064, 284.742 )
states/Mid_Air/node = SubResource( 91 )
states/Mid_Air/position = Vector2( 874.807, 149.784 )
states/Sneaking/node = SubResource( 44 )
states/Sneaking/position = Vector2( 183.333, 213.242 )
states/Sneaking_Back/node = SubResource( 77 )
states/Sneaking_Back/position = Vector2( 378, 356.896 )
states/Walking/node = SubResource( 43 )
states/Walking/position = Vector2( 595.333, -14.4982 )
states/Walking_Back/node = SubResource( 66 )
states/Walking_Back/position = Vector2( 618, 226.228 )
transitions = [ "Idle", "Walking", SubResource( 46 ), "Walking", "Idle", SubResource( 47 ), "Sneaking", "Idle", SubResource( 56 ), "Idle", "Sneaking", SubResource( 57 ), "Sneaking", "Walking", SubResource( 60 ), "Walking", "Sneaking", SubResource( 61 ), "Idle", "Walking_Back", SubResource( 67 ), "Walking_Back", "Idle", SubResource( 68 ), "Walking", "Walking_Back", SubResource( 69 ), "Walking_Back", "Walking", SubResource( 70 ), "Walking_Back", "Sneaking", SubResource( 73 ), "Sneaking", "Walking_Back", SubResource( 74 ), "Idle", "Sneaking_Back", SubResource( 78 ), "Sneaking_Back", "Idle", SubResource( 79 ), "Sneaking_Back", "Walking", SubResource( 80 ), "Walking", "Sneaking_Back", SubResource( 81 ), "Sneaking_Back", "Walking_Back", SubResource( 82 ), "Walking_Back", "Sneaking_Back", SubResource( 83 ), "Sneaking_Back", "Sneaking", SubResource( 84 ), "Sneaking", "Sneaking_Back", SubResource( 85 ), "Idle", "Hop", SubResource( 95 ), "Walking", "Hop", SubResource( 96 ), "Walking_Back", "Hop", SubResource( 97 ), "Sneaking", "Hop", SubResource( 98 ), "Sneaking_Back", "Hop", SubResource( 99 ), "Hop", "Mid_Air", SubResource( 100 ), "Mid_Air", "Landing", SubResource( 101 ), "Landing", "Walking_Back", SubResource( 102 ), "Landing", "Walking", SubResource( 103 ), "Landing", "Sneaking_Back", SubResource( 104 ), "Landing", "Sneaking", SubResource( 105 ), "Landing", "Idle", SubResource( 106 ) ]
start_node = "Idle"
graph_offset = Vector2( 115.922, -48.7435 )

[sub_resource type="AnimationNodeStateMachinePlayback" id=13]

[node name="player" type="KinematicBody"]
script = ExtResource( 6 )
player_skeleton = NodePath("PlayerSkeleton")
skeleton = NodePath("PlayerSkeleton/Skeleton")
body_target = NodePath("BodyTarget")
animation_tree = NodePath("AnimationTree")
chest_pivot = NodePath("PlayerSkeleton/Skeleton/ChestPivot")

[node name="PlayerSkeleton" type="Spatial" parent="."]

[node name="Skeleton" type="Skeleton" parent="PlayerSkeleton"]
bones/0/name = "hips"
bones/0/parent = -1
bones/0/rest = Transform( 1, 3.55271e-15, 2.38419e-07, -3.23592e-08, 0.990747, 0.135724, -2.36212e-07, -0.135724, 0.990747, 0, 1.37685, -0.0486438 )
bones/0/enabled = true
bones/0/bound_children = [  ]
bones/1/name = "spine"
bones/1/parent = 0
bones/1/rest = Transform( 1, -3.06064e-08, 1.97263e-09, 3.06064e-08, 0.991726, -0.128373, 1.97273e-09, 0.128373, 0.991726, 0, 0.227696, -7.45058e-09 )
bones/1/enabled = true
bones/1/bound_children = [  ]
bones/2/name = "chest"
bones/2/parent = 1
bones/2/rest = Transform( 1, -5.25811e-08, 5.87045e-09, 5.25811e-08, 0.975378, -0.220541, 5.87039e-09, 0.220541, 0.975378, -2.22045e-16, 0.347248, 1.86265e-09 )
bones/2/enabled = true
bones/2/bound_children = [  ]
bones/3/name = "neck"
bones/3/parent = 2
bones/3/rest = Transform( 1, 8.48828e-08, 1.56219e-08, -8.48827e-08, 0.934477, 0.356024, 1.5622e-08, -0.356024, 0.934477, -5.16839e-15, 0.388367, 1.58325e-08 )
bones/3/enabled = true
bones/3/bound_children = [  ]
bones/4/name = "head"
bones/4/parent = 3
bones/4/rest = Transform( 1, -3.10146e-08, 2.02589e-09, 3.10146e-08, 0.991503, -0.130085, 2.02585e-09, 0.130085, 0.991503, -4.47295e-15, 0.127171, -1.30385e-08 )
bones/4/enabled = true
bones/4/bound_children = [  ]
bones/5/name = "shoulder_l"
bones/5/parent = 2
bones/5/rest = Transform( -0.0958382, -0.994702, 0.0371968, 0.983143, -0.100438, -0.152777, 0.155704, 0.021928, 0.98756, -0.0927113, 0.346098, 0.00922855 )
bones/5/enabled = true
bones/5/bound_children = [  ]
bones/6/name = "upper_arm_l"
bones/6/parent = 5
bones/6/rest = Transform( 0.678361, -0.728406, 0.0961856, 0.72521, 0.642804, -0.246728, 0.117889, 0.237125, 0.9643, -4.23461e-08, 0.15457, -1.20839e-07 )
bones/6/enabled = true
bones/6/bound_children = [  ]
bones/7/name = "lower_arm_l"
bones/7/parent = 6
bones/7/rest = Transform( 0.997905, -0.0394191, -0.051304, 0.0516095, 0.963202, 0.263775, 0.0390184, -0.265871, 0.963219, -4.56348e-08, 0.464321, 5.58794e-09 )
bones/7/enabled = true
bones/7/bound_children = [  ]
bones/8/name = "hand_l"
bones/8/parent = 7
bones/8/rest = Transform( 0.999373, 0.0206885, 0.0287296, -0.0229765, 0.996389, 0.0817365, -0.0269348, -0.0823454, 0.99624, -8.9407e-08, 0.403773, -5.21541e-08 )
bones/8/enabled = true
bones/8/bound_children = [  ]
bones/9/name = "big_l"
bones/9/parent = 8
bones/9/rest = Transform( 0.925425, -0.377197, -0.0362148, 0.378919, 0.921948, 0.0802039, 0.00313551, -0.0879451, 0.99612, -0.0795244, 0.0379543, -0.0399241 )
bones/9/enabled = true
bones/9/bound_children = [  ]
bones/10/name = "hand_l_1"
bones/10/parent = 8
bones/10/rest = Transform( 0.992198, -0.122813, 0.0214638, 0.124647, 0.980811, -0.149912, -0.00264077, 0.151418, 0.988466, 1.3411e-07, 0.181984, -2.23517e-08 )
bones/10/enabled = true
bones/10/bound_children = [  ]
bones/11/name = "shoulder_r"
bones/11/parent = 2
bones/11/rest = Transform( -0.0958382, 0.994702, -0.0371973, -0.983143, -0.100438, -0.152777, -0.155704, 0.0219284, 0.98756, 0.0927113, 0.346098, 0.0092286 )
bones/11/enabled = true
bones/11/bound_children = [  ]
bones/12/name = "upper_arm_r"
bones/12/parent = 11
bones/12/rest = Transform( 0.678361, 0.728406, -0.0961856, -0.72521, 0.642804, -0.246728, -0.117889, 0.237125, 0.9643, 4.24334e-08, 0.15457, -1.19267e-07 )
bones/12/enabled = true
bones/12/bound_children = [  ]
bones/13/name = "lower_arm_r"
bones/13/parent = 12
bones/13/rest = Transform( 0.997905, 0.0394192, 0.051304, -0.0516095, 0.963202, 0.263775, -0.0390183, -0.265871, 0.963219, 7.77654e-08, 0.464322, 2.98023e-08 )
bones/13/enabled = true
bones/13/bound_children = [  ]
bones/14/name = "hand_r"
bones/14/parent = 13
bones/14/rest = Transform( 0.999373, -0.0206886, -0.0287295, 0.0229766, 0.996389, 0.0817366, 0.0269348, -0.0823455, 0.99624, -4.09782e-08, 0.403772, -1.2666e-07 )
bones/14/enabled = true
bones/14/bound_children = [ NodePath("Weapon") ]
bones/15/name = "big_r"
bones/15/parent = 14
bones/15/rest = Transform( 0.925425, 0.377197, 0.0362148, -0.378919, 0.921948, 0.0802039, -0.00313546, -0.0879451, 0.99612, 0.0795246, 0.0379543, -0.0399241 )
bones/15/enabled = true
bones/15/bound_children = [  ]
bones/16/name = "hand_r_1"
bones/16/parent = 14
bones/16/rest = Transform( 0.992198, 0.122813, -0.0214639, -0.124647, 0.980811, -0.149912, 0.00264078, 0.151418, 0.988466, 5.96046e-08, 0.181984, -2.98023e-08 )
bones/16/enabled = true
bones/16/bound_children = [  ]
bones/17/name = "upper_leg_l"
bones/17/parent = 0
bones/17/rest = Transform( -0.970862, -0.0571084, -0.232735, 0.0838325, -0.990762, -0.106597, -0.224497, -0.123002, 0.966683, -0.139067, -0.0549815, 0.0293791 )
bones/17/enabled = true
bones/17/bound_children = [  ]
bones/18/name = "lower_leg_l"
bones/18/parent = 17
bones/18/rest = Transform( 0.999993, 0.000970209, -0.00363944, -0.00104901, 0.999764, -0.0217123, 0.00361751, 0.021716, 0.999758, 2.86382e-08, 0.563666, 3.25963e-09 )
bones/18/enabled = true
bones/18/bound_children = [  ]
bones/19/name = "foot_l"
bones/19/parent = 18
bones/19/rest = Transform( 0.96962, 0.212626, 0.120942, -0.162192, 0.188721, 0.968544, 0.183113, -0.958736, 0.217474, -2.32831e-10, 0.695227, -3.0268e-09 )
bones/19/enabled = true
bones/19/bound_children = [  ]
bones/20/name = "toes_l"
bones/20/parent = 19
bones/20/rest = Transform( 0.999825, 0.0186691, 0.000744875, -0.0186691, 0.996647, 0.0796584, 0.000744772, -0.0796584, 0.996822, 8.3819e-09, 0.213137, 6.51926e-09 )
bones/20/enabled = true
bones/20/bound_children = [  ]
bones/21/name = "upper_leg_r"
bones/21/parent = 0
bones/21/rest = Transform( -0.970863, 0.0571085, 0.232735, -0.0838325, -0.990762, -0.106597, 0.224497, -0.123002, 0.966682, 0.139067, -0.0549815, 0.0293792 )
bones/21/enabled = true
bones/21/bound_children = [  ]
bones/22/name = "lower_leg_r"
bones/22/parent = 21
bones/22/rest = Transform( 0.999993, -0.000970218, 0.00363932, 0.00104901, 0.999764, -0.0217124, -0.00361739, 0.021716, 0.999758, 7.21775e-09, 0.563667, -4.65661e-10 )
bones/22/enabled = true
bones/22/bound_children = [  ]
bones/23/name = "foot_r"
bones/23/parent = 22
bones/23/rest = Transform( 0.96962, -0.212626, -0.120942, 0.162192, 0.188721, 0.968544, -0.183113, -0.958736, 0.217474, -1.07102e-08, 0.695227, -2.09548e-09 )
bones/23/enabled = true
bones/23/bound_children = [  ]
bones/24/name = "toes_r"
bones/24/parent = 23
bones/24/rest = Transform( 0.999825, -0.0186691, -0.000744906, 0.0186691, 0.996647, 0.0796584, -0.00074474, -0.0796584, 0.996822, 7.91624e-09, 0.213137, -8.3819e-09 )
bones/24/enabled = true
bones/24/bound_children = [  ]
bones/25/name = "elbow_l"
bones/25/parent = -1
bones/25/rest = Transform( -0.508393, 2.98023e-08, 0.861125, 0.861125, 1.19209e-07, 0.508393, -2.98023e-08, 1, -1.19209e-07, -0.537726, 1.90263, 0.0574403 )
bones/25/enabled = true
bones/25/bound_children = [  ]
bones/26/name = "hand_ik_l"
bones/26/parent = -1
bones/26/rest = Transform( -0.593247, 0, 0.805021, 0.805021, 0, 0.593247, 0, 1, 0, -0.741691, 1.58123, -0.0580006 )
bones/26/enabled = true
bones/26/bound_children = [  ]
bones/27/name = "knee_l"
bones/27/parent = -1
bones/27/rest = Transform( -0.951419, 1.49012e-08, -0.307899, 0.307899, 0, -0.951419, 1.49012e-08, -1, -1.19209e-07, -0.182332, 0.76366, -0.137492 )
bones/27/enabled = true
bones/27/bound_children = [  ]
bones/28/name = "foot_ik_l"
bones/28/parent = -1
bones/28/rest = Transform( -0.98259, 0, -0.185788, -0.185788, 0, 0.98259, 0, 1, 0, -0.21512, 0.0702084, 0.1064 )
bones/28/enabled = true
bones/28/bound_children = [  ]
bones/29/name = "elbow_r"
bones/29/parent = -1
bones/29/rest = Transform( -0.508393, -2.98023e-08, -0.861125, -0.861125, 1.19209e-07, 0.508393, 2.98023e-08, 1, -1.19209e-07, 0.537726, 1.90263, 0.0574403 )
bones/29/enabled = true
bones/29/bound_children = [  ]
bones/30/name = "hand_ik_r"
bones/30/parent = -1
bones/30/rest = Transform( -0.593247, 0, -0.805021, -0.805021, 0, 0.593247, 0, 1, 0, 0.741691, 1.58123, -0.0580006 )
bones/30/enabled = true
bones/30/bound_children = [  ]
bones/31/name = "knee_r"
bones/31/parent = -1
bones/31/rest = Transform( -0.951419, -1.49012e-08, 0.307899, -0.307899, 0, -0.951419, -1.49012e-08, -1, -1.19209e-07, 0.182332, 0.76366, -0.137492 )
bones/31/enabled = true
bones/31/bound_children = [  ]
bones/32/name = "foot_ik_r"
bones/32/parent = -1
bones/32/rest = Transform( -0.98259, 0, 0.185788, 0.185788, 0, 0.98259, 0, 1, 0, 0.21512, 0.0702084, 0.1064 )
bones/32/enabled = true
bones/32/bound_children = [  ]

[node name="Body" type="MeshInstance" parent="PlayerSkeleton/Skeleton"]
layers = 2
mesh = ExtResource( 1 )
skin = SubResource( 1 )
material/0 = null

[node name="ChestPivot" type="Spatial" parent="PlayerSkeleton/Skeleton"]
transform = Transform( 1, 0, 0, 0, 1, 0, 0, 0, 1, 0, 1.78211, 0 )

[node name="Weapon" type="BoneAttachment" parent="PlayerSkeleton/Skeleton"]
transform = Transform( -0.916526, 0.289962, -0.275506, -0.146612, -0.884413, -0.443081, -0.372137, -0.365703, 0.853098, 0.497961, 1.46875, 0.0765771 )
bone_name = "hand_r"

[node name="AnimationPlayer" type="AnimationPlayer" parent="."]
anims/Base = ExtResource( 4 )
anims/Idle = ExtResource( 5 )
anims/Jump_Hop = ExtResource( 9 )
anims/Landing = ExtResource( 11 )
anims/Mid_Air = ExtResource( 10 )
anims/Pistol_Base = ExtResource( 15 )
anims/Pistol_Draw = ExtResource( 16 )
anims/Pistol_Fire = ExtResource( 18 )
anims/Pistol_Hold = ExtResource( 17 )
anims/Pistol_Pull_Slide = ExtResource( 13 )
anims/Pistol_Swap_Mag = ExtResource( 14 )
anims/Sneaking = ExtResource( 2 )
anims/Sneaking_Back = ExtResource( 7 )
anims/Walking = ExtResource( 3 )
anims/Walking_Back = ExtResource( 8 )

[node name="CollisionShape" type="CollisionShape" parent="."]
transform = Transform( 1, 0, 0, 0, -4.37114e-08, -1, 0, 1, -4.37114e-08, 0, 1.34653, 0 )
shape = SubResource( 2 )

[node name="AnimationTree" type="AnimationTree" parent="."]
tree_root = SubResource( 12 )
anim_player = NodePath("../AnimationPlayer")
active = true
parameters/playback = SubResource( 13 )
parameters/Hop/Blend2/blend_amount = 0.0
parameters/Hop/Seek/seek_position = -1.0
parameters/Hop/TimeScale/scale = 0.5
"parameters/Hop/TimeScale 2/scale" = 100.0
parameters/Idle/Blend2/blend_amount = 0.0
parameters/Idle/Seek/seek_position = -1.0
parameters/Idle/TimeScale/scale = 1.0
parameters/Landing/Blend2/blend_amount = 0.0
parameters/Landing/Seek/seek_position = -1.0
parameters/Landing/TimeScale/scale = 0.5
"parameters/Landing/TimeScale 2/scale" = 100.0
parameters/Mid_Air/Blend2/blend_amount = 0.0
parameters/Mid_Air/Seek/seek_position = -1.0
parameters/Mid_Air/TimeScale/scale = 1.0
parameters/Sneaking/Blend2/blend_amount = 0.0
parameters/Sneaking/Seek/seek_position = -1.0
parameters/Sneaking/TimeScale/scale = 1.5
parameters/Sneaking_Back/Blend2/blend_amount = 0.0
parameters/Sneaking_Back/Seek/seek_position = -1.0
parameters/Sneaking_Back/TimeScale/scale = 1.5
parameters/Walking/Blend2/blend_amount = 0.0
parameters/Walking/Seek/seek_position = -1.0
parameters/Walking/TimeScale/scale = 1.2
parameters/Walking_Back/Blend2/blend_amount = 0.0
parameters/Walking_Back/Seek/seek_position = -1.0
parameters/Walking_Back/TimeScale/scale = 1.2

[node name="Head" type="Spatial" parent="."]
transform = Transform( 1, 0, 0, 0, 1, 0, 0, 0, 1, 0, 2.32431, -0.68462 )

[node name="Camera" type="Camera" parent="Head"]
cull_mask = 1048573

[node name="BodyTarget" type="Spatial" parent="."]
transform = Transform( 1, 0, 0, 0, 1, 0, 0, 0, 1, 0, 0.791369, -0.94389 )

[node name="Weapon_Manager" type="Node" parent="."]
script = ExtResource( 12 )
weapon_node = NodePath("../PlayerSkeleton/Skeleton/Weapon")

[node name="Timer" type="Timer" parent="Weapon_Manager"]

[connection signal="timeout" from="Weapon_Manager/Timer" to="Weapon_Manager" method="timer_timeout"]
